
A = [6,6,6;
     3,9,12;
     12,9,18];
b = [-6;0;24];
save Adata A b

